%YAML:1.0
---
cam0:
  rostopic: "/d455/d455/infra1/image_rect_raw"
  resolution: [848, 480]
  intrinsics: [422.1636828774358, 423.0720166234082, 432.9089988438718, 247.12317592048043]
  distortion_model: "radtan"
  distortion_coeffs: [-0.010272329588382038, 0.003334796058752737, 0.0011237261132375634, 0.0021410383130326402]
  timeshift_cam_imu: 0.001746669633230574
  T_imu_cam:
    - [0.9999679051307678, -0.0026243591622301513, 0.007569771949754833, -0.026365117979119165]
    - [0.0025364710431179495, 0.9999295385873218, 0.011596731228810537, -0.0009896423623218745]
    - [-0.00759967256078185, -0.01157715852588467, 0.9999041025905612, 0.047145782094615896]
    - [0.0, 0.0, 0.0, 1.0]

cam1:
  rostopic: "/d455/d455/infra2/image_rect_raw"
  resolution: [848, 480]
  intrinsics: [422.4160817773478, 423.1700063814248, 432.35578352326945, 247.7772823010718]
  distortion_model: "radtan"
  distortion_coeffs: [-0.008406769340110401, 0.0032113388924795176, 0.0014854561224943582, 0.0008589182114277948]
  timeshift_cam_imu: 0.0017565646953677145
  T_imu_cam:
    - [0.9999885709364896, -0.0027130079931863634, 0.003936697096065315, 0.0680977678490022]
    - [0.002662573282094168, 0.999915035238199, 0.01276060375171918, -0.0005599890834306085]
    - [-0.003970982235510564, -0.012749976165460789, 0.9999108307283531, 0.04620930729689512]
    - [0.0, 0.0, 0.0, 1.0]
