%YAML:1.0
---
imu0:
  rostopic: "/d455/d455/imu"
  update_rate: 200
  model: "kalibr"

  accelerometer_noise_density: 0.002
  accelerometer_random_walk: 3.0e-05
  gyroscope_noise_density: 0.00016
  gyroscope_random_walk: 2.2e-06

  Tw:
    - [1.0, 0.0, 0.0]
    - [0.0, 1.0, 0.0]
    - [0.0, 0.0, 1.0]
  Ta:
    - [1.0, 0.0, 0.0]
    - [0.0, 1.0, 0.0]
    - [0.0, 0.0, 1.0]
  R_IMUtoACC:
    - [1.0, 0.0, 0.0]
    - [0.0, 1.0, 0.0]
    - [0.0, 0.0, 1.0]
  R_IMUtoGYRO:
    - [1.0, 0.0, 0.0]
    - [0.0, 1.0, 0.0]
    - [0.0, 0.0, 1.0]
  Tg:
    - [0.0, 0.0, 0.0]
    - [0.0, 0.0, 0.0]
    - [0.0, 0.0, 0.0]
